# Created by Octave 7.3.0, Wed May 24 01:50:30 2023 GMT <unknown@LAPTOP-MK4QJ63B>
# name: Q
# type: matrix
# rows: 5
# columns: 5
 0.40000000000000002 0.20000000000000001 1 0.5 0.59999999999999998
 0.29999999999999999 0.29999999999999999 1 0.40000000000000002 0.59999999999999998
 0.20000000000000001 0 0.90000000000000002 0.29999999999999999 0.59999999999999998
 0.5 0 0.80000000000000004 0 0.69999999999999996
 0.59999999999999998 1 0.69999999999999996 0 0.5


# name: Q_fuzzy
# type: cell
# rows: 1
# columns: 5
# name: <cell-element>
# type: matrix
# rows: 5
# columns: 1
 0.40000000000000002
 0.29999999999999999
 0.20000000000000001
 0.5
 0.59999999999999998



# name: <cell-element>
# type: matrix
# rows: 5
# columns: 1
 0.20000000000000001
 0.29999999999999999
 0
 0
 1



# name: <cell-element>
# type: matrix
# rows: 5
# columns: 1
 1
 1
 0.90000000000000002
 0.80000000000000004
 0.69999999999999996



# name: <cell-element>
# type: matrix
# rows: 5
# columns: 1
 0.5
 0.40000000000000002
 0.29999999999999999
 0
 0



# name: <cell-element>
# type: matrix
# rows: 5
# columns: 1
 0.59999999999999998
 0.59999999999999998
 0.59999999999999998
 0.69999999999999996
 0.5





# name: R
# type: matrix
# rows: 5
# columns: 5
 0.59999999999999998 0.59999999999999998 0.40000000000000002 0.90000000000000002 0.69999999999999996
 0.10000000000000001 0.20000000000000001 0.20000000000000001 0.90000000000000002 0.59999999999999998
 0.90000000000000002 0.29999999999999999 0.10000000000000001 1 0.20000000000000001
 0.90000000000000002 0.29999999999999999 0.59999999999999998 0 0.29999999999999999
 0.69999999999999996 0.69999999999999996 0.69999999999999996 0.20000000000000001 0.40000000000000002


# name: R_fuzzy
# type: cell
# rows: 1
# columns: 5
# name: <cell-element>
# type: matrix
# rows: 5
# columns: 1
 0.59999999999999998
 0.10000000000000001
 0.90000000000000002
 0.90000000000000002
 0.69999999999999996



# name: <cell-element>
# type: matrix
# rows: 5
# columns: 1
 0.59999999999999998
 0.20000000000000001
 0.29999999999999999
 0.29999999999999999
 0.69999999999999996



# name: <cell-element>
# type: matrix
# rows: 5
# columns: 1
 0.40000000000000002
 0.20000000000000001
 0.10000000000000001
 0.59999999999999998
 0.69999999999999996



# name: <cell-element>
# type: matrix
# rows: 5
# columns: 1
 0.90000000000000002
 0.90000000000000002
 1
 0
 0.20000000000000001



# name: <cell-element>
# type: matrix
# rows: 5
# columns: 1
 0.69999999999999996
 0.59999999999999998
 0.20000000000000001
 0.29999999999999999
 0.40000000000000002





# name: association_maxmin
# type: matrix
# rows: 5
# columns: 5
 0.59999999999999998 0.69999999999999996 0.90000000000000002 0.5 0.69999999999999996
 0.59999999999999998 0.69999999999999996 0.69999999999999996 0.5 0.59999999999999998
 0.59999999999999998 0.69999999999999996 0.69999999999999996 0.40000000000000002 0.59999999999999998
 0.40000000000000002 0.29999999999999999 0.90000000000000002 0.5 0.59999999999999998
 0.40000000000000002 0.40000000000000002 0.69999999999999996 0.5 0.59999999999999998


# name: association_maxprod
# type: matrix
# rows: 5
# columns: 5
 0.45000000000000001 0.69999999999999996 0.81000000000000005 0.29999999999999999 0.63
 0.41999999999999998 0.69999999999999996 0.59999999999999998 0.29999999999999999 0.35999999999999999
 0.41999999999999998 0.69999999999999996 0.48999999999999994 0.20000000000000001 0.41999999999999998
 0.36000000000000004 0.27000000000000002 0.90000000000000002 0.45000000000000001 0.59999999999999998
 0.27999999999999997 0.40000000000000002 0.69999999999999996 0.34999999999999998 0.41999999999999998


# name: b
# type: scalar
0.46186150774991491


# name: d
# type: scalar
1.5232972216667384


# name: e
# type: scalar
0.14012352042588741


# name: error
# type: matrix
# rows: 0
# columns: 0


# name: i
# type: scalar
5


# name: j
# type: scalar
5


# name: lr
# type: scalar
0.10000000000000001


# name: output
# type: matrix
# rows: 0
# columns: 0


# name: target
# type: matrix
# rows: 1
# columns: 4
 -1 1 1 1


# name: temp
# type: scalar
1.3743307633976767


# name: w1
# type: scalar
-0.41740634383377112


# name: w2
# type: scalar
-0.38276368279468759


# name: x
# type: matrix
# rows: 1
# columns: 4
 0 0 1 1


# name: x1
# type: matrix
# rows: 1
# columns: 4
 1 1 -1 -1


# name: x2
# type: matrix
# rows: 1
# columns: 4
 1 -1 1 -1


# name: y
# type: matrix
# rows: 1
# columns: 4
 0 1 0 1


